OFFICIAL 
WINDOW GLASS LIST 

March Ut, 1919 



TOLEDO WAREHOUSE 



TOLEDO PLATE 
WINDOW GLASS 



ELM AND UTICA STREETS 
TOLEDO. OHIO. 



L 



OFFICIAL LIST 



..or., 



WINDOW 
GLASS 



MARCH 1st, 1913 



WM. G. JOHNSTON CO., PRINTERS 
PITTSBURGH, PA. 



20 

22 

26 
28 

32 
36 
40 



60 



SPECIAL NOTICE. 



Terms and Conditions. 



Payments are to be made in cur- 
rent funds within 30 days or 1% 
discount for payments within ten 
days from date of shipment. 
Accounts not paid at maturity are 
subject to charge of legal rate of 
interest. 

All shipments are made at 
"Owner's Risk," unless otherwise 
instructed, and are therefore at risk 
of purchaser in transportation. We 
are not to be held accountable for 
any loss, breakage or damage of any 
kind arising in transit, our responsi- 
bility ceases after delivery to Trans- 
portation Company unless insurance 
is specially effected. 

All sizes not listed will take the 
list price and same number of lights 
per box of next larger listed size. 

All sizes over 100 united inches are 
packed in 100-feet boxes only. 

A packing charge will be made on 
all orders for less quantity than an 
original case or box, and for all lights 
and cut sizes, irrespective of 
quantity: — 

30 cent per case or box, up to 16x24. 
50 cent per case or box, up to 24x36. 
*Z5 cent per case or box, larger sizes. 



_BOX LIST— MARCH 1st, 1913 


Bracket. 


SINGLE 


SS'' SIZES 


AA A B C 


25 6x 8 to 10x15 

34 12x13 } t0 14x2 
40 10x26 to 16x24 
50 I**™ } to 20x30 

54 15x36 to 24x30 
60 26x28 to 24x36 

26x34 1 
70 28x32 \ to 30x40 

30x30 1 
80 J2X38 J to 30l50 

84 30x52 to 30x54 
90 30x56 to 34x56 


$35,001*30.00 
36.50 31.00 
39.00 33.00 
42 50 ' ft? no 


828,60 

30.00 

31.00 

34.50 

35.00 
36.00 

39.00 

43.50 
47.00 


8 28.00 
29.00 
30.00 


44.00 
45.00 

48.00 

54.00 
57.00 


38.00 

40.00 

43.50 

49.50 
52.50 


■ 


94 34x58 to 34x60 






100 36x60 to 40v60 






105 40x62 to 40x64 






i 


110 40x66 to 40x70 






I 


115 40x72 to 40x74 










120 40x76 to 40x80 








125 40x82 to 40x84 










130 40x86 to 40xU0 











Bracket. 



Unitid 
Jicta 

.'5 

34 ' 
40 
50 

54 

60 



84 
90 
94 
100 
105 
110 
115 
120 
125 
130 



SIZES 



6 x 8 to 

11x141 tA 
12xl3f t0 
10 x 26 to 
18 x 22 ) ^ 
20 X 20 J t0 
15 x 36 to 
26 x 28 to 
26 x 34 ) ' 
28 x 32 yto 
30 x 30 j 
32x38) t 
34 x 36 J lo 
30 x 52 to 
30 x 56 
34x58 
36 X 60 
40 X 62 
40 x 66 
40 x 72 
40 x 76 
40 x 82 
40 x 86 



10 x 15 
14x20 

16 x 24 

20 x 30 

24 x 30 
24 x 36 

30 X 40 



DOUBLE 
AA A i B 



846.00 
50.00 
55.00 



¥40.50 i~6$M 
44.50 i 42.00 
48.50, 44.50 



61.00! 54.50 61.00 
62.50 56.00 52.00 
57.00 ! 52.50 



64.00 
68.00 



30 x 50 I 73.00 



61.00 56.00 



66.50 60.50 



30x54 
34 x 56 
34 x 60 
40x60 
40 X 64 
40 x 70 
40 x 74 
40 x 80 
40 x 84 
40 X 90 



74.50 
78.50 
80.00 
93.00 
194.50 1 



68.00 
72.00 
73.00 
85.00, 
1.50. 



; 216.00 200.00 
'242.60 221.00 
285.00 ! 258.60 
312. 00 i 285.50 
1339.001312.50 



62.00 

66.50 

68.00 

80.00 

165.00 

186.60 

208.00 

245.00 

272.00 

299.00 



An additional io per cent, will be charged for all 
Glass more than 40 inches wide. All sizes over 5a 
inches in length, and not making more than 81 united 
inches, will be charged in the 84 united inches bracket. 
All Glass 54 inches wide or wider, not making more 
than 116 united inches, will be charged in the i3» 
united inches bracket. 

All fractional sizes not listed take the list of nex 
larger listed size plus zo per cent. 



ou 



PRICE PER BOX. 



SINGLE. 



AA 

15 00 



16 
15 

M 

SO 
42 

44 

m 



85 

16 



A 
30 00 



31 



30 



31 



B 

28 50 



28 



30 



31 



34 



35 



Sizes 

6X8 
7X9 

8X10 
12 
13 
14 
15 
16 
18 
20 

9X11 
12 
13 
14 
15 
16 
18 
20 
22 

10X12 
13 
14 
15 
16 
18 
19 
20 
22 
24 
26 
28 
30 
32 
34 
36 
38 
40 
42 
44 
46 
48 
50 

11X12 
14 
15 
16 
18 
19 
20 



DOUBLE. 



AA 

46 004 



B 



38 50 



PRICK PER LIGHT. 




PBICE FEB BOX. 



SINGLE. 


Sizes 


DOUBLE. 


AA 


A 


B 


AA 


A 


B 


SO 6U 


31 01I3U OU 


11x22 


60 00 


44 601 42 00 


89 00 


33 0031 00 


24 


55 00 


48 50 44 50 


• 


■ 


a 


26 




a 


a 


• 


a 


a 


28 




a 


a 


42 50 


37 00 


34 50 


80 


61 00 


54 50 


51 00 


■ 


a 


m 


32 




a 


a 


• 


a 


m 


34 




a 


a 


• 


a 


a 


36 




a 


a 


• 


a 


a 


38 




a 


a 


44 00 


38 00 


35 00 


40 


62 50 


56 00 


52 00 


a 


a 


a 


42 




a 


a 


45 00 


40 00 


36 00 


44 


64 00 


57 00 


52 50 


• 


a 


a 


46 




a 


a 


a 


a 


a 


48 




a 


a 


48 00 


43 50 


39 00 


50 


68 00 


61 00 


56 00 


as oo 


30 00 


28 50 


12X12 


46 00 


40 50 38 50 


16 50 


31 00 


30 00 


13 


50 00 


44 50 


42 00 


• 






14 








• 






15 








■ 






16 








• 






18 








• 






19 








• 






20 








m 






22 








S9 00 


33^00 


31 00 


24 


65 00 


48 50 


44 50 


■ 






26 








• 






28 








42 50 


37 00 


34 50 


30 


61 00 


54 50 


51 00 


a 






32- 








a 






34 








m 






30 








a 






38 








'CO 


38 00 


35 00 


40 


62 50 


56^00 


52 00 


1 






42 








/oo 


40 00 


36 00 


44 


64 00 


57^00 


52^50 


• 






46 








■ 






48 








48 00 


43 50 


39 00 


50 


68 00 


61 00 


56 00 


a 






52 








57 00 


52 50 


47 00 


54 


74 50 


68 00 


62 00 


a 






56 








a 






58 








a 






60 








80 50 


31 00 


30 00 


13X15 


50 00 


44 50 


42 00 


a 






16 








• 






18 








• 






20 








89 00 


33 OC 


31 00 


22 


55 00 


48 50 


44 50 


■ 


a 


1 • 


24 


■ 


a 


a 



PIUCE PER l.KillT. 



SINGLE. 




DOUBLE. 


No. 




Sizes 




Uts 


AA 


A 


B 


AA 


A 


B 


per 
Box. 


1 53' i au 


1 25 


11X22 


2 09 


1 86 


1 75 


30 


1 81 1 53 


1 44 


24 


2 55 


2 25 


2 07 


27 


1 95 1 65 


1 55 


26 


2 75 


2 43 


2 23 


25 


2 12 1 80 


1 69 


28 


2 99 


2 64 


2 42 


23 


2 42 


2 10 


1 97 


30 


3 47 


3 10 


2 90 


22 


2 66 


2 31 


2 16 


32 


3 82 


3 41 


3 19 


20 


2 80 


2 44 


2 27 


34 


4 02 


3 59 


3 36 


19 


2 96 2 58 


2 40 


36 


4 24 


3 79 


3 55 


18 


3 13 


2 73 


2 54 


38 


4 49 


4 01 


3 75 


17 


3 44 


2 97 


2 74 


40 


4 89 


4 38 


4 07 


16 


* 


■ 


m 


42 


■ 


« 




IS 


3 75 


3 34 


3 00 


44 


5 34 


4 75 


4 38 


15 


4 02 


3 57 


3 22 


46 


5 72 


5 09 


4 69 


H 


m 


■ 


■ 


48 


M 


■ 


* 


14 


4 62 


4 19 


3 75 


50 


6 54 


5 87 


5 39 


13 


SB 


75 


72 


12X12 


1 15 


1 02 


97 


50 


1 00 


85 


82 


13 


1 37 


1 21 


1 15 


48 


1 07 


91 


88 


14 


1 46 


1 30 


1 23 


43 


1 15 


97 


94 


15 


1 57 


1 40 


1 32 


40 


1 21 


1 02 


99 


16 


1 65 


1 47 


1 39 


38 


1 39 


1 18 


1 14 


18 


1 90 


1 69 


1 60 


33 


1 43 


1 22 


1 18 


19 


1 96 


1 74 


1 65 


32 


1 53 


1 30 


1 25 


20 


2 09 


1 86 


1 75 


30 


1 69 


1 44 


1 39 


22 


2 32 


2 07 


1 95 


27 


1 95 


1 65 


1 55 


24 


2 75 


2 43 


2 23 


25 


2 12 


1 80 


1 69 


26 


2 99 


2 64 


2 42 


23 


2 33 


1 97 


1 85 


28 


3 28 


2 89 


2 65 


21 


2 66 


2 31 


2 16 


30 


3 82 


3 41 


3 19 


20 


2 80 


2 44 


2 27 


32 


4 02 


3 59 


3 36 


10 


2 96 


2 58 


2 40 


34 


4 24 


3 79 


3 55 


18 


3 13 


2 73 


2 54 


36 


4 49 


4 01 


3 75 


17 


3 33 


2 90 


2 70 


38 


4 77 


4 26 


3 99 


10 


3 67 


3 17 


2 92 


40 


5 21 


4 67 


4 34 


15 


3 93 3 40 


3 13 


42 


5 59 


5 00 


4 65 


14 


4 02 


3 57 


3 22 


44 


5 72 


5 09 


4 69 


14 


4 33 


3 85 


3 47 


46 


6 15 


5 49 


5 05 


13 


m 


■ 


■ 


48 


m 


■ 


« 


13 


5 00 


4 54 


4 07 


50 


7 09 


6 36 


5 84 


12 


* 


m 


* 


52 


■ 


g 


■ 


12 


6 4S 


5 97 


5 35 


54 


8 47 


7 73 


7 05 


11 


m 


m 


• 


56 


m 


• 


■ 


11 


7 13 


6 57 


5 88 


58 


9 32 


8 50 


7 75 


10 


* 


• 


m 


60 


* 


m 


■ 


10 


1 24 


1 05 


1 02 


13X15 


1 70 


1 51 


1 43 


37 


1 31 


1 11 


1 08 


16 


1 79 


1 59 


1 51 


35 


1 48 


1 25 


1 21 


18 


2 02 


1 80 


1 70 


31 


1 63 


1 39 


1 34 


20 


2 24 


1 99 


1 88 


28 


1 95 


1 65 


1 55 


22 


2 75 


2 43 


2 23 


25 


2 12 


1 80 


1 69 


24 


2 99 


2 64 


2 42 


23 



L 



8 




PRICE PEB 


BOX. 






SINGLE. 


Sizes 


DOUBLE. 














AA 


A 


B 




AA 


A 


B 


& 0033 


81 00 


13X26 


55 00 


48 60 44 50 


41 50'37 00 


34^50 


28 


61JX) 


54^60 5 


a 






30 








• 






32 








• 






84 








i 






30 








44 00 


38 00 


35^00 


38 


02 50 


56 00 


52^00 


m 






40 








45 0d 


40 00 


30 00 


42 


64 00 


57 00 5 


• 






44 








• 






46 








48 00 


43 50 


39 00 


48 


68 00 


61 00 


56 00 


• 






50 








m m 


31 00 


30 00 


13|xl8 


50 00 


44 50 


42 00 


i 






20 








8ft 00 


33 00 


31 00 


22 


55 00 


48 50 


44 50 


t 






24 
26 








42 50 


37 00 


34 50 


28 


61 00 


54 50 


51 00 


« 






30 








a 






32 








■ 






36 








36 (0 


31 00 


30 00 


14x14 


50 00 


44 50 


42 00 


■ 






46 








a 






18 








« 






20 








30 00 


33 00 


31^00 


22 


55 00 


48 50 


44 50 


• 






24 








• 






26 








42 (0 


37^00 


34 50 


28 


61^00 


54 50 


51^00 


■ 






30 








■ 






32 








a 






84 








a 






36 








44 <W 


3*00 


35^00 


88 


62^50 


66^00 


52^00 


a 






40 








46 00 


40^00 


30 00 


42 


64 00 


57^00 


52 M 


a 






44 








a 






46 








48 00 


48 50 


30 00 


48 


68 00 


61 00 


56 00 


■ 






50 








a 






52 








57 00 


58 50 


47 00 


54 


74 50 


68 00 62 00 


a 






56 




■ i ■ 


• 






58 




" 1 * 


a 






60 




• * 


80 60 


81 00 


SO 00 


15X15 


50 00 


44 50 42 00 


m 






16 


■ 


* 1 * 


M 






It 




* ! * 







PRICE PER LIGfHT. 






9 


SINGLE. 




D0U3LE. 


No. 




Sizes 




Lfts 


AA 


A 


B 




AA 


A 


B 


Mr 
hi. 


2 33 


1 97 1 85 13 


3 28 


2 89 


2 651 


21 


2 66 


2 31 2 16 


28 


3 82 


3 41 


3 19 


20 


2 96 


2 58 2 40 


30 


4 24 


3 79 


3 55 


18 


3 13 


2 73 2 54 


32 


4 49 


4 01 


3 75 


17 


3 33 


2 90 2 70 


34 


4 77 


4 26 


3 99 


16 


3 55 


3 09 2 88 


36 


5 09 


4 55 


4 25 


16 


3 67 


3 17 2 92 


38 


5 21 


4 67 


4 34 


15 


3 93 


3 40 3 13 


40 


5 59 


5 00 


4 65 


14 


4 33 


3 85 3 47 


42 


6 15 


5 49 


5 05 


IS 


a 


■ ■ 


# 44 


« 


m 


m 


IS 


4 69 


4 18 3 75 


' 46 


6 68 


5 94 


5 47 


12 


5 00 


4 54 4 07 


48 


7 09 


6 36 


5 84 


12 


5 47 


4 95 4 44 


50 


7 73 


6 94 


6 37 


11 


1 58 


1 34 1 30 


13**18 


2 16 


1 92 


1 81 


29 


1 76 


1 50 1 45 


20 


2 41 


2 14 


2 02 


26 


2 04 


1 72 1 62 


22 


2 87 


2 53 


2 32 


24 


2 22 


1 88 1 77 


24 


3 13 


2 76 


2 53 


22 


2 33 


1 97 1 85 


26 


3 28 


2 89 


2 65 


21 


2 80 


2 44 2 27 


28 


4 02 


3 59 


3 36 


It 


3 13 


2 73 2 54 


30 


4 49 


4 01 


3 75 


17 


3 33 


2 90 2 70 


32 


4 77 


4 26 


3 99 


16 


3 80 


3 31 3 09 


3G 


5 45 


4 87 


4 56 


14 


1 24 


1 05 1 02 


14X14 


1 70 


1 51 


1 43 


37 


1 43 


1 22 1 18 


16 


1 96 


1 74 


1 65 


32 


1 58 


1 34 1 30 


18 


2 16 


1 92 


1 81 


29 


1 76 


1 50 1 45 


20 


2 41 


2 14 


2 02 


26 


2 12 


1 80 1 69 


22 


2 99 


2 64 


2 42 


23 


2 33 


1 97 1 85 


24 


3 28 


2 89 


2 65 


21 


2 44 


2 07 1 94 


26 


3 44 


3 04 


2 79 


20 


2 96 


2 58 2 40 


28 


4 24 


3 79 


3 55 


18 


3 13 


2 73 2 54 


30 


4 49 


4 01 


3 75 


17 


3 33 


2 89 2 70 


32 


4 77 


4 26 


3 99 


16 


3 55 


3 09 2 88 


34 


5 09 


4 55 


4 25 


16 


3 80 


3 31 3 09 


36 


5 45 


4 87 


4 56 


14 


3 93 


3 40 3 13 


38 


5 59 


5 00 


4 65 


14 


4 23 


3 65 3 37 


40 


6 01 


5 39 


5 00 


IS 


4 69 


4 18 3 75 


42 


6 68 


5 94 


5 47 


12 


• 


« « 


44 


m 


m 


m 


12 


5 12 


4 55 4 10 


46 


7 28 


6 48 


5 97 


11 


5 46 


4 95 4 44 


48 


7 73 


6 94 


6 37 


11 


6 00 


5 44 4 88 


50 


8 50 


7 63 


7 00 


10 


■ 


■ m 


52 


■ 


« 


« 


16 


7 13 


6 57 5 88 


54 


9 32 


8 50 


7 75 


10 


7 92 


, 7 30 6 53 


56 


10 35 


9 44 


8 61 


i 


• 


I ■ * 


58 


• 


m 


• 


• 


■ 


1*1* 


60 


■ 


m 


■ 


t 


1 43 1 22 1 18 


15X15 


1 96 


1 74 


1 65 


32 


1 53 1 30; 1 25 


16 


2 09 


1 86 


1 75 


30 


1 69! 1 44 1 39 


18 


2 32 


2 07 


1 95 


27 



10 



PRICE PER BOX. 






SINGLE. 



AA 



39 0033 00 

: : 

42 5037 00 



B 



Sizes 



DOUBLE. 



AA 



B 



)31 0015X20 
22 
24 

) 34 50 26 
28 
30 
32 
34 

44 0038 00 35 00 36 

■ « « go 

45 0040 00 36 00 40 
' • • 42 

■ I ■ " | 44 
48 0043 50 39 00 46 

" • * 48 

■ ! ■ | ■ I 50 
36 5031 00 30 0016x16 

' i * | * 18 
39 0033 00 31 00 20 
22 
24 

42 5037 00 34 50 26 
28 
30 
32 
34 

44 0038 00 35 00 36 
* ■ « 38 

45 0040 00 36 00 40 

■ I - 42 

' I ' | " . 44 

48 0043 50 39 00 46 

" ! 48 

50 

52 

— 54 

— 56 

— 58 

— 60 

— 62 

— 64 
— j 66 

— 68 

— 70 

— 72 
74 
76 



55 00 48 50 44 50 



78 



00 54 50 51 00 



50 56 00 52 00 

I * * 
00 57 00 52 50 



00 



00 



61 00 56 00 



44 50 42 00 



00 48 50 44 50 

i « « 

* m 

00 54 50 51 00 



50 56 00 52 00 

* m 

00 57 00 52 50 



00 61 00 56 00 

« • 

m a 

• m 

50 68 00 62 00 



50 72 00 66 50 



. 80 00 73 00 68 00 
39 0033 00 31 0018x18 55 00 48 50 44 50 
' 1 * 20 1 « 



PBICK PER LIGHT. 



11 



SINGLE. 




DOUBLE. 


Ni. 




Sizes 




Lets 


AA 


uA 


B 


aa| a 


B 


per 
Bix. 


^1)4 


1 72 


1 62 


15X20 


2 81 


' 2 53 


2 32 : 


2 22 


1 88 


1 77 


22 


3 1: 


j 2 n 


2 53 


t 22 


2 44 


2 07 


1 94 


24 


3 44 


t 3 04 


2 7£ 


> 20 


2 96 


2 58 


2 40 


26 


4 24 


[ 3 72 


3 U 


> 18 


3 13 


2 73 


2 54 


28 


4 4£ 


> 4 01 


3 7£ 


17 


3 33 


2 90 


2 70 


30 


4 73 


r 4 26 


3 93 


16 


3 55 


3 09 


2 88 


32 


5 0£ 


4 55 


4 25 


15 


3 80 


3 31 


3 09 


34 


5 4£ 


4 87 


4 56 


14 


4 23 


3 65 


3 37 


36 


6 01 


5 39 


5 00 


13 


" 


■ 


m 


38 


* 


■ 


m 


13 


4 69 


4 18 


3 75 


40 


6 6S 


5 94 


5 47 


12 


6 12 


4 55 


4 10 


42 


7 28 


6 48 


5 97 


11 


* 


* 


« 


44 


■ 


• 


* 


11 


6 00 


5 44 


4 88 


46 


8 60 


7 63 


7 00 


10 




• 


■ 


48 


■ 


m 


■ 


10 


* 


« 


■ 


50 


« 


m 


■ 


10 


1 63 


1 39 


1 34 


16X16 


2 24 


1 99 


1 88 


28 


1 83 


1 55 


1 60 


18 


2 50 


2 23 


2 10 


25 


2 12 


1 80 


1 69 


20 


2 99 


2 64 


2 42 


23 


2 44 


2 07 


1 94 


22 


3 44 


3 04 


2 79 


20 


2 67 


2 18 


2 04 


24 


3 62 


3 20 


2 93 


19 


3 13 


2 73 


2 54 


26 


4 49 


4 01 


3 75 


17 


3 33 


2 90 


2 70 


28 


4 77 


4 26 


3 99 


16 


3 55 


3 09 


2 88 


30 


5 09 


4 55 


4 25 


15 


8 80 


3 31 


3 09 


32 


5 45 


4 87 


4 50 


14 


4 09 


3 56 


3 32 


34 


5 87 


5 25 


4 91 


. 13 


4 23 


3 65 


3 37 


36 


6 01 


5 39 


5 00 


13 


4 59 


3 97 


3 65 


38 


6 52 


5 84 


5 43 


12 


5 12 


4 55 


4 10 


40 


7 28 


6 48 


5 97 


11 


* 


■ 


• 


42 


■ 


m 


m 


11 


5 63 


5 00 


4 50 


44 


8 00 


7 13 


6 57 


10 


6 00 


5 44 


4 88 


46 


8 50 


7 63 


7 00 


10 


6 67 


6 05 


5 42 


48 


9 44 


8 48 


7 78 


9 


* 


* 


m 


50 




« 


■ 


9 


■ 


m 


m 


52 
54 
56 
58 
60 
62 
64 


11^65 


■ 


■ 











10 63 


9 69 


8 












* 


8 














8 








13 31 




* 


8 








12 15 

■ 


11 08 

g 


7 
7 
7 
7 
8 








66 
68 




« 
■ 


■ 
• 








70 
72 
74 
76 


16 36 


15 00 


13 86 












* 


6 








L6 67] 




* 


8 








5 21 J 


4 17 





2 22 


1 88 


1 77 


L8X18 


3 13 


2 76 


2 53 


22 


2 44 2 07 


1 94 


20 


3 44 


3 04 


2 79 


20 



12 




PRICE PEB 


BOX. 






SINGLE. 


Sizes 


DOUBLE. 


AA 


A 


B 


AA 


A 


B 


42^50 


37^00 34 


18X22 


61 00 54 50 51 00 








24 


a a a 








26 


a a 


a 








28 


a •• 


a 








30 


• m 


a 








32 


a a ■ 


44 00 


38^00 


35 00 


34 

36 


62 50 56 00 52 00 

• « 1 ■ 


45 00 


40 00 36 


38 


64 00 57 00 


52 50 








40 


a a 


m 








42 


m a 


a 


48 00 


43 50 


39 00 


44 


68 00 61 00 


56 00 








46 


a a 


a 








48 


• 


a 








50 


a ■ 


a 








52 


m * • 








54 


74 50 68 00 62 00 

a mm 








56 
58 










a 


a 








60 
62 
64 




a 


a 










a 


a 










a 


a 








66 
68 
70 
72 
74 
76 
20X20 


m m 


a 








78 50 72 00 

m m 


66 50 








a 








m m 


a 








80 00 73 00 


as nn 








a • * 


42 50 


37^00 


34^50 


61 00 54 50 


51 00 








22 


• a 


a 








24 


a a 


a 








26 




a 


a 








28 




a 


a 








30 




a 


a 


44 00 


38 00 


35 00 


32 


62 50 


56 00 


52 00 




a | a 


34 




a 


a 


46 W) 


40 00 36 00 


36 


64^00 


57 00 


52 50 








38 




• 


a 








40 




a 


■ 


48 00 


43 50 


39 00 


42 
44 
46 
48 
50 


68 00 


61 00 

a 
a 
• 


56 00 

a 
a 
a 
a 


•4 00 


49 50 


43 50 


52 


73 00 


66 50 


60 50 






54 
56 
58 
60 


74 50 


68 00 


62 00 








a 


a 










■ 


a 










a 


1 a 















PRICK PER LIGHT. 




13 


SINGLE. 




DOUBLE. 


it. 




Sizes 




Uti 


AA 


A 


B 


AA 


A 


B 


Ptr 
la. 


2 06 2 


4 241 S 


I 3 551 1 


3 13 


2 73 2 54 


24 


4 49 4 01 


1 3 75 17 


3 55 


3 09 2 88 


26 


5 09| 4 5f 


i 4 25 IS 


3 80 


3 31 3 09 


28 


5 45| 4 87 


' 4 56 14 


4 09 


3^56 3 JJ2 


30 


5 87: 5 21 


>; 4 91 13 


« 


32 


a a 


• 1 13 


4 59 


3 97 3 65 


34 


6 52 5 84 


5 431 13 


5 00 4 32 3 98 


36 


7 11 6 37 


1 5 92 11 


5 12 


4 55 4 10 38 


7 28 6 48 


6 97 11 


5 63 


5 00 4 50 


40 


8 00! 7 13 


6 57 10 


a 


■ j « 


42 


a a 


10 


6 67 


6 05 5 42 


44 


9 44 8 48 


7 78 9 


a 


a a 


46 


« 


a 


j a 




750 


6 80 6 10 


48 


10 63 


954 


8 75 




a 


* i * 


50 


a 


• 


a 




* 


a a 


52 


« 


a 


a 








54 
56 
58 
60 
62 
64 
66 
68 


13 31 

a 


12 15 

a 


11 08 

a 














a 


a 


a 








a 


a 


• 7 






15 53 

a 


14 17 

a 


1 ' 

19 no m 








16 v£ 

m 










a 


a 


a 








16 36 


15 00 


13 86 






1 








70 
72 
74 
76 
20X20 


a 


a 


a 






t 


a 


a 


a 






1 


20 00 

a 


18 25 

a 


17 00 

a 










1 96 


2 58 2 40 


4 24 


3 79 


3 55 




3 33 


2 90 2 70 


22 


4 77 


4 26 


3 99 




3 55 


3 09 2 88 


24 


5 09 


4 55 


4 25 




3 80 


3 31! 3 09 


26 


5 45 


4 87 


4 56 




4 09 


3 56 3 32 


28 


5 87 


5 25 


4 91 




4 43 


3 86 3 60 


30 


6 36 


5 68 


5 32 




6 00 


4 32 3 98 


32 


7 11 


6 37 


*5 92 




a 


* 1 - 


34 


a 


a 


a 




5 63 


5 00 4 50 


36 


8 00 


7 13 


6 67 




6 25 


5 56 5 00 


38 


8 89 


7 92 


7 30 




■ 


* * 


40 


a 


a 


a 




6 67 


6 05 5 42 


42 


9 44 


8 48 


7 78 




7 50 


6 80 6 10 


44 


10 63 


9 54 


8 75 ; 




■ 


a 


« 


46 


a 


a 


a 




■ 


a 


- i 


48 


a 


a 


a 




8 58 


7 77 


6 97 


50 


12 15 


10 90 


10 00 




9 65 


8 84 


7 77, 


52 


13 04 


11 89 


10 81 i 










54 
56 
58 
60 


13 31 

15 53 

a 


12 15 
14 17 

a 


11 08 

12 92! 

« 


























a 


a 


• I 











14 



PRICE PER BOX. 



SINGLE. 



AA 



42 50 

a 
a 
• 

44 00 

45 00 

* 

48 00 

■ 
■ 
* 

a 

54 00 



37 00 

a 
a 
a 

38 00 

a 

40 00 

■ 

■ 
43 50 

■ 
49 50 



43 50 



Sizes 



DOUBLE. 



AA 



£0x62 
64 
66 
68 

70 
72 
74 
76 
78 
80 
82 
84 
86 
88 
90 

34 5022X22 
24 
26 
28 
30 
32 
34 
3G 



40 
42 
44 
46 
48 
50 
62 
54 
56 
58 
60 
62 
64 
66 
68 
70 
72 
74 
76 
78 
80 
82 
84 
86 



74 50 

■ 

78 50 



80 

93 

194 
216 

61 

62 
64 

68 



73 
74 

78 

80 
93 

194 
216 



B 



68 00 

■ 

72 00 

I 
a 

73 00 

■ 

85 00 

« 

178 50 

■ 

200 00 

a 
a 

54 50 

* 

a 
a 

56 00 

57 00 
* 

61 00 



66 50 

m 

68 00 

• 

a 
a 
a 

72 00 

a 
a 

73 00 

m 

85 00 

a 
a 

178 50 

a 

200 00 



62 00 

■ 

66 50 

■ 

68 00 

■ 

80 00 

■ 

« 
165 00 

a 

186 50 

51 00 

a 

52 00 
52 50 

a 

56 00 



60 50 

a 

62 00 

a 
a 
a 
a 

66 50 

a 
a 

68 00 

a 

80 00 

a 
a 

16f 00 

j 

186 50 



PRICE PER LIGHT. 



15 



SINGLE. 



AA A B 



Sizes 



DOUBLE. 



AA 



B 



Mi. 
Uts 

ptr 

Box 



20X62 
64 
66 
68 
70 
72 
74 
76 
78 
80 
82 
84 
86 
88 
90 
3 09 2 8822X22 



3 55 

3 80 

4 09 

4 43 

5 00 
5 50 

5 63 

6 25 

7 50 

8 58 



9 65 



20 0018 
23 25 21 



27 02 

M 

33 75 



3 31 3 09 



3 56 

3 86 

4 32 

4 75 

5 00 

5 56 

• 

6 80 

« 

7 77 



8 84 



11 25 10 32 



3 32 
3 60 

3 98 

4 38 

4 50 

5 00 
• I 

6 10 
■ 

6 97 



7 77 
9 07 



34 
36 
38 
40 
42 
44 
46 
48 
50 
52 
54 
56 
58 
60 
62 
64 
66 
68 
70 
72 
74 
76 
78 
80 30 



15 53 14 17 12 92 

■ 

19 63 18 



00 



16 63 



25 17 

25 20 



5 09 4 

5 45 4 

5 87 5 

6 36; 5 

7 11! 6 

7 82| 7 

8 00i 7 
8 891 7 

m 

10 63 

m 

12 15 10 



13 04 
15 21 
15 53 



18 63 

■ 

19 63 



20 00 18 

« 

29 07 26 



40 

33 75 

« 

38 58 



29 



8 75 
10 00 



88 10 81 
8612 61 



35 72 



12 92 

m 
* 

15 50 

« 

16 63 

17 00 

■ 

25 00 

• 

m 

25 79 

* 

29 15 

« 

33 31 



16 



PRICE PER BOX. 



SINGLE. 



AA A B 



Sizes 



42 6037 00 34 50 

0038 



44 
4ft 



48 



U 



67 



0O40 



0043 



0049 



0052 



50 



50 



50 



35 



39 



43 



47 



00 



50 



00 



44 0033 00 
46 0040 00 



48 0043 50 



64 0049 50 



22 X90 
24X24 
26 
28 
30 
32 
34 
36 
38 
40 
42 
44 
46 
48 
50 
52 
54 
56 
58 
60 
62 
64 
66 
68 
70 
72 
74 
76 
78 
80 
82 
84 
86 
88 
90 
35 00 26X26 



36 00 



39 



43 



00 



50 



DOUBLE. 



AA 



B 



242 50 221 00 208 00 
61 00 54 50 51 00 



62 « 
64 . 

68 

73 
74 

78 

80 

194 
216 

242 

62 
64 

68 



73 



50 


56 00 


52 ( 


00 


57^00 


52J 


00 


61 00 


56 ( 


00 


• i « 
66 50 60 1 


50 


68 00 62 1 

• 1 « 


50 


72 00 66 , 


00 


« 1 
73 00 68 1 


. 00 


85^00; 80 J 


50 


« ! « 

178 50 165 1 


00 


200 00 


186 1 


50 


221 00 


208 1 


50 

00 


56 00 

57 00 


52 1 
52 J 


00 


61 00 


56 1 


00 


66 50 

: 


60 , 



50 

00 



50 
00 

50 

00 
00 

00 
50 

00 

00 
50 

00 



50 







PRICK PBB LIGHT. 




17 


SINGLE. 




DOUBLE. 


fa. 






Sizes 




Utt 


AA 


A 


B 


AA 


A 


B 


In. 









122X90 


43 31 


39 47 


37 16 




4 43 


3 86 


3 5924 


6 36 


5 68 


5 32 


11 


m 


« 


t 


26 


■ 


m 


■ 


IS 


5 00 4 35 


3 98 


28 


7 11 


6 37 


5 92 


11 


5 50 4 75 


4 38 


30 


7 82 


7 00 


6 50 


10 


6 25 5 54 


5 00 


32 


8 89 


7 92 


7 30 


9 


' 1 • 


• 


34 


* 


« 


■ 




7 04 6 25 


5 63 


36 


10 00 


8 91 


8 21 




7 50 6 80 


6 10 


38 


10 63 


9 54 


8 75 




■ * 


• 


40 


■ 


• 


« 




8 58 7 77 


6 97 


42 


12 15 


10 90 


10 00 


f 


• 


• 


■ 


44 


■ 


• 


a 




• 


• 


a 


46 


■ 


a 


a 




11 25 


10 32 


9 07 


48 


15 21 


13 86 


12 61 




M 


■ 


• 


60 


■ 


■ 


a 




m 


■ 


■ 


62 


■ 


a 


a 




11 8810 94 


9 79 


54 


15 53 


14 17 


12 92 




14 2513 13 


11 75 


56 


18 63 17 00 


16 50 




« • 


• 


58 


■ 


■ 


a 




« • 


• 


60 
62 


■ 
19 63 


■ 
18 00 


a 

16 63 














64 

66 


« 














■ 


« 


a 










68 


25 00 


22 82 


21 25 










70 


« 


■ 


a 










72 
74 
76 
78 
80 


29 07 

a 


26^57 


25^00 










• 


• 












30 40 

■ 


27 90 

m 


25 79 

a 


















82 

84 


38 58 

• 


35 72 

« 


33 31 

a 










86 
88 


■ 
43 31 


• 
39 47 


a 

37 15 


















90 
26X26 


■ 


* 






5-00 4 32 


3 98 


7 11 


6 37 


6 92 


11 


5 63 5 00 


4 50 


28 


8 00 


7 13 


6 57 


10 


6 25 5 56 


5 00 


30 


8 89 


7 92 


7 30 




' ' 


■ 


32 


■ 


m 


a 




7 50 6 80 


6 10 


34 


10 63 


9 54 


8 75 




' 1 ■ 


■ 


36 


« 


■ 


• 




8 58 7 77 


6 97 


38 


12 15 


10 90 


10 00 




' ' 


■ 


40 


« 


« 


■ 




' ' 


u 


42 


■ 


• 


a 




10 00 9 07 


8 13 


44 


14 17 


12 71 


11 67 




11 25 10 32 


9 07 


46 


15 21 


13 86 


12 61 




" * 


■ 


48 


■ 


■ 


a 




" ' 


• 


50 


• 


■ 


m 




13 50 


12 38 


10 88 


52 


18 25 


16 63 


IS 13 


5 



18 



PRICE PER BOX. 



SINGLE. 



AA 



Sizes 



45 0040 00 36 00 



54 



0040 
0043 



0049 



57 0052 60 



00 36 



50 



50 



43 



47 00 



39 



26X54 
56 
58 
60 
62 
64 
66 
68 
70 
72 
74 
76 
78 
80 
82 
84 
86 
88 
90 
27X28 
30 

00 28X28 
30 



DOUBLE. 



AA 



B 



74 50 68 00 62 00 



00 



50 



32 

34 
36 
38 
40 
42 
44 
46 
48 
50 
52 
54 
56 
58 
60 
62 
64 
66 
68 
70 
72 
74 
76 
78 
80 
82 I 



78 

80 
93 

194 
216 



50 72 00 66 50 



00 73 00 68 00 

i j m « 

00 85 00 80 00 

1 • « 
1 i ■ ■ 
50178 50 165 00 

« a 

00200 00 186 50 



242 50221 00 208 00 

« « m 

285 00258 50 245 00 
64 00 57 00 52 50 

• • m 

64 00 57 00 52 50 

• I • I a 

68 00 61 00 56 00 



73 00 



66 50 60 50 



74 50 68 00 62 00 

mm a 

78 50 72 00 66 50 

* • ■ 

* * I ■ 
80 00 73 00 68 00 



93 00 85 00 



194 50178 50 



I 



80 00 



165 00 



216 00200 00 186 50 



PRICE PER LIGHT. 



SINGLE. 




DOUBLE. 








Sizes 




Lets 


AA 


A 


B 


AA A 


B 


Box. 






26X54 


18 63 


17 00 


15 50 


















56 
58 
60 
62 






























19 63 18 00 16 63 

94 *tA. 99 R(\ «a in 
















£>V #0 








64 
66 


m ! m 












25 00 22 82 


21 25 


















68 
70 














9Q 07 *>« ct 


25 00 








&\t Mi 


4&W Oi 








72 
74 
76 
78 
80 
82 
84 


m 






















34 74 


31 88 


29 47 










38 58 


35 72 


33 31 














a 


m 


■ 














86 
88 
90 


en eo ar nc 


AO OA 








* 1 u 1 m 








59 38 53 86 51 05 










6 63 5 00 


4 50 


27x28 


8 00 7 13 6 57 




8 25 5 56 


5 00 


30 


8 89 7 92 7 30 




6 25 5 56 


5 00 


28X28 


8 89 7 92 


7 30 




m m 


J 


30 


a 




■ 




7 50 6 80 


6 10 


32 


10 63 


9 54 


8 75 






■ 


a 


34 


m 




9 




8 58 


7 77 


6 97 


36 


12 15 


10 90 


10 00 






■ 


u 


38 


■ 




1 




10 00 9 07 


a 13 


40 


14 17 


12 71 


11 67 




• ! ■ 


• 


42 


■ 




m 




U 2510 32 


9 07 


44 


15 21 


13 86 


12 61 




m m 


■ 


46 


■ 




■ 




13 5012 38 


10 88 


48 


18 25 


16 63 


15 13 




• m 


• 


50 


m 




■ 


£ 


m m 


■ 


52 


m 




■ 


5 


14 2513 13 


11 75 


54 


IS 63 


17 00 


15 50 




■ m 


* 


56 


■ 




■ 








58 


24 54 


22 50 


20 79 












60 
62 
64 






























25 00 


22 82 


21 25 














66 


m 




i 








68 


29 07 


26 57 


25 00 








70 
72 
74 


























31 TA. 




29 47 








6% i* ox OO 








76 


■ | . 


• 
















78 
80 


38 58 
45 00 


35 72 
41 67 


33 31 

38 86 
























82 























20 



PRICK PER BOX. 



SINGLE. 



AA 



Sizes 



DOUBLE. 



AA 



B 



242 50221 00 208 00 

• I • I a 

285 00258 50 245 00 

a I a I 



48 0043 50 



54 



0049 



57 0052 50 



50 



43 



39 00 



50 



47 00 



48 0043 50 

■ ■ 

• a 

54 0049 50 

• a 
a a 
a a 
a m 
a a 

57 0052 50 



■28X84 
86 
88 
90 
30X30 
32 
34 
36 
38 
40 
42 
44 
46 
48 
50 
52 
54 
56 
58 
60 
62 
64 
66 
68 
70 
72 
74 
76 
78 
80 
82 
84 
86 
88 
90 

39 00 32X32 
34 
36 
38 
40 
42 
44 
46 
48 
50 
52 
54 
56 
58 



68 00 



73 00 



61 00! 56 00 



66 50 



74 50 68 00 
78 50 72 00 



43 50 



47 00 



80 00 



73 00 



60 50 

* 

62 00 

* 

66 50 

a 

68 00 



93 00 85 00, 80 00 



194 50178 50 165 00 



216 00200 00 



186 50 



242 50221 00 208 00 



285 00258 50 

• « 

68 00 61 00 



73 00 



66 50 



245 00 

a 
a 

56 00 

a 
a 

60 50 



74 50 68 00 62 00 



78 50 72 00 



66 50 



PRICE PER LIGHT. 



21 



SINGLE. 


Sizes 


AA A | B 




28X84 

86 
88 
90 


i 


' 





7 50 6 80 6 10 30X30 
• • • I 32 

8 58; 7 77; 6 07 



10 00 9 07 8 13 

• • ■ | 

11 2510 32 9 07 
13 5012 38 10 88 



14 2513 13 11 75 
17 8216 4114 69 



34 
36 
38 
40 
42 
44 
46 
48 
50 
52 
54 
56 
58 
60 
62 
64 
66 
68 
70 
72 
74 
76 
78 
80 
82 
84 
86 

j 88 

g0 

8 58' 7 77 6 97 32x32 

• J . • ■ 34 

10 00 9 07 8 13 36 

11 2510 32 9 07 



13 5012 3810 88 



14 2513 13 11 75 
17 8216 4114 69 



40 
42 
44 
46 
48 
50 
52 
54 
56 



DOUBLE. 



AA 



sra 



46 QbWTi 



59 38 53 86 51 05 

* 

10 63 

« 

12 15: 

■ 

14 17: 



15 21 
18 25 



18 63 

23 29 

24 54 



17 00 15 50 

21 25 19 38 

22 50 20 79 



25 00 

■ 

29 07 



22 82 21 25 

: ■ I 

26 57 25 00 



38 

40 53 

■ 

45 00 



50 53 

■ 

59 38 
71 25 

m 

12 15 

« 

14 17 

15 21 

m 

18 25 



18 63 

23 29 

24 54 



B 



ft. 
Llts 



9 54 8 75 

m m 

10 90 10 00 



12 71 11 67 

■ - 

13 86 12 61 
16 63 15 13 



75 35 



42 33 33 
37 19 34 38 

a m 

41 67 38 86 



46 05 43 34 

m m 

53 86 51 05 
64 63 61 25 

« • 

10 90 10 00 

< I • I 

12 7111 67 

13 86 12 61 

■ L • 

16 63 15 13 



17 00 15 50 

21 25 19 38 

22 50 20 79 



32 
36 
40 

44 

oo 

60 



22 




pi 


UCE PER BOX 






SINGLE. 


Sizes 


DOUBLE. 










AA 


A | B 




AA 


A 


B 


1— 

62 


80 00 7 

• • 1 • 


64 

ftft 


93 00 


85 00 80 00 


1 ; — 00 

! ' 68 


m 


« ! . 


, 70 


194 50 178 50 165 00 


! 72 


• 1 ■ ■ 


r| , ' 74 

76 


216 00 

• 


200 00 

■ 


186 50 

m 


80 


242 50 


221 00 


208 00 




82 
84 


« 
285 00 


258 50 




1 


245 00 






86 


■ 


■ 








48 0043 5030 00 


34X34 


68 00 


61 00 


56 00 


54 0049 5043 50 


36 


73 00 


66 50 


60 50 








38 


« 


i 


m 








40 


■ 


m 


• 








42 


• 


m 


m 








44 


m 


m 


a 








46 


m 


m 


■ 


57 0052 50^ 


48 


74 50 


68 00 


62 00 


• | « i * 


50 
52 
54 
56 
58 
60 


■ 

78 50 

■ 


■ 

72 00 

• 


■ 

66 50 

■ 










80 00 

m 


73 00 

• 


68 00 

• 




62 
64 
66 
68 
70 


93 00 

■ 


85 00 

■ 


80 00 

« 








194 50 


178 50 

« 


165 00 

m 




72 
74 
76 
78 
80 


216 00 

■ 


200 00 

■ 


186 50 

m 


l 




242 50 

m 


221 00 

m 


208 00 

« 




82 

84 

86 

36X36 


285 00 


258 50 


245 00 


i 








54 0049 5043 50 


73 00 


66 50 


60 50 


* * 


■ 


38 


■ 


« 


m 


■ « 


■ 


40 


c 


* 


• 


■ * 


« 


42 


■ 


m 


■ 


* • 


■ 


44 


■ 


■ 


« 


67 0052 5047 00 


46 


74 50 


68 00 


62 00 


■ I • 1 « 


48 
50 


78 50, 


72 00 


66 50 





PRICE PER LIGHT. 



23 



SINGLE. 



AA A B 



Sizes 



-32X60 
62 
64 

66 
68 
70 
72 
74 
76 
78 
80 
82 
84 
86 



DOUBLE. 



AA 



B 



Ni. 
Lit! 

in. 



17 8216 4114 69 



10 00 9 07 8 13 34X34 

11 2510 32 9 07 36 

• I * I ■ 
13 5012 3810 88 40 
42 
44 
46 
48 
50 
52 
54 
56 
58 
60 
62 
64 
66 
68 
70 
72 
74 
76 
78 
80 
82 
84 
86 



11 2510 32 9 07 36x36 

13 5012 3810 88 38 
40 
42 
44 

17 8216 4114 69 46 
' I • | « 48 

1 50 



25 00 22 82 21 25 

« I • « 

29 07 26 57 25 00 
38 75 35 42 33 33 

■ • • m 

40 53 37 19 34 38 
45 00 41 67 38 86 



50 53 46 05 43 34 
60 63 55 25 52 00 
71 25 64 63 61 25 

* « ■ I 

14 1712 7111 67> 

15 21 13 86 12 61 

* m « I 

18 25 16 63 15 13 



23 29 21 25 19 38 
■ « « 

24 54 22 50 20 79 



25 00 22 82 21 25 

■ « • i 
38 75 35 42 33 33 

» • » 

40 53 37 19 34 38 

m m • I 

45 00 41 67 38 86 

• m . , « I 
m m • I 

60 63 55 25 52 00 

« * ■ 

71 25 64 63 61 26 

* * 

15 21 13 86 12 61 
18 25 16 63 15 13 



23 29 21 2519 38 
124 54 22 50 20 79 



4 
4 
4 

3 
3 
6 
6 
6 
6 
6 
6 
5 
6 
5 
6 
6 

5 
5 
5 
5 
4 
4 
4 
4 
4 
4 
4 
3 
3 
S 
6 
6 

6 
6 
5 
5 
6 
5 
5 
6 
5 
5 
5 
5 
4 
4 
4 



36 



Ml 



60 



PRICE PER BOX. 



SINGLE. 



AA 



Sizes 



DOUBLE. 



AA 



B 



36X52 
54 
56 
58 
60 
62 
64 
66 
88 
70 
72 
74 
76 
78 
80 
82 
84 
86 

38X38 
40 
42 
44 
46 
48 
50 
52 
54 
56 
58 
60 
62 
64 
66 
68 
70 
72 
74 
76 
78 
80 
82 
84 
86 

40X40 
42 
44 
46 
48 
I 50 



78 50 72 00 66 50 

• ■ I • 

80 00 73 00 68 00 

• I ■ I * 

93 00 85 00; 80 00 

■ • * 

m I I I 

194 50 178 50 165 00 

m ■ I « 

216 00 200 00486 50 

• I ■ I • 

• ■ i ■ 
242 50 221 00 208 00 

a a a 

285 00 258 50 245 00 

m a \ a 

• * « 

312 00 285 50 272 00 

73 00 66 50 60 50 

. : - 

■ • « 

74 50 68 00 62 00 

• « « 

78 50 72 00 66 50 

• I « I • 

• I « ■ 

80 00 73 00 68 00 

■ ■ ■ 

93 00 85 00 80 00 

a a a 

m am 

194 50 178 50 165 00 

« am 

216 00 200 00 186 50 

• * i * 

■ • I ■ 
242 50 221 00 208 00 

a | 

285 00 258 50 245 00 

■ • * 

312 00 285 50 272 00 



73 00 66 50 

74 50 68 00 



60 50 
62 00 



78 50 72 00) 66 50 



PRICK PER LIGHT. 



25 



SINGLE. 



A A A B 



Sizes 



DOUBLE. 



AA A B 



la. 
Uts 

Ml 



24 64 22 50 20 70 

• • • 

25 00 22 82 21 25 
33 33; 30 42 28 33 
38 75 35 42 33 33 



! 


, 




1 




t ; 






j i 




, 


j 


\ 


l • 






t ' 


i i ; 


! 1 i 


i 


t 


i 


1 


\ i ! 


1 


I i 





-36X52 

54 
56 
58 
60 
62 
64 
66 
68 
70 
72 
74 
76 
78 
80 
82 
84 
86 

38X38 
40 
42 
44 
46 
48 
50 
52 
51 
56 
58 
60 
62 
64 
66 
68 
70 
72 
74 
70 
78 
80 
82 
84 
86 

40X40 
42 
44 
46 
48 
60 



40 53 37 

« 

45 00 41 

■ i 

54 00 50 
60 63 55 

« i < 

71 25 64 



78 00 71 
18 25 16 



23 29 21 

* .1 

24 54 22 



25 0022 
33 33 30 
38 75 35 



40 53 37 

m 1 i 

45 00 41 
54 00 50 

m | 

60 63 55 

* I 
71 25 64 



IS 34 38 
• i 
67 38 86 
! " I 
00 46 63 
25 52 00 

! ■ I 
63 61 25 



38 68 00 
63 15 13 



25 10 38, 

50 20 79 



82 21 
42 28 33 
42 33 33 



19 34 38 

* 

67 38 86 
00 46 63 

! " I 

25 52 00 

i ■ I 

63 61 25 



78 00 71 38 68 00 

97 50 89 22 85 QQ 
18 25 16 63 16 13 

23 29 21 25 19 38 

« | « I « | 

24 64 22 50 20 79 



26 



PRICE PER BOX. 



SINGLE. 



AA 



Sizes 



40X52 
54 
56 
58 
60 
62 
64 
66 
68 
70 
72 
74 
76 
78 
80 
82 
84 

42X42 
44 
46 
48 
50 
52 
54 
56 
58 
60 
62 
64 



70 
72 
74 
76 
78 
80 
44X44 
46 
48 
50 
52 
54 
56 
58 
60 
62 
64 
66 
68 



80 00 73 00 

m m 

93 00 85 00 

m I m 
u | ■ 

194 50178 50 

m m 

216 00200 00 



242 50221 00 208 00 
285 00258 50 245 00 



DOUBLE. 



AA 



B 



63 00 

u 

80 00 

« 

165 00 

m 

186 50 



312 00285 50 

81 95 74 80 
86 35; 79 20 



88 00 80 30 

u \ m 

102 30 93 50 



272 00 

m 

68 20 
73 15 



74 80 

■ 

88 00 



213 95196 35 181 50 

. I ■ 
237 60220 00 205 15 



266 75243 10 

m m 

313 50284 35 



228 80 

■ 

269 50 



343 20314 05 299 20 
86 35 79 20 73 15 



88 00, 80 30 

■ m 

102 30 93 50 

m m 

213 95196 35 
237 60220 00 



74 80 

m 

88 00 

m 

181 50 

■ 

205 15 



266 75243 10 228 80 



PBICE PER LIGHT. 



27 



SINGLE. 


Sizes 


DOUBLE. 


No. 
lets 


AA 


A 


B 


AA 


A B 


per 
Box 



-40X52 
54 
56 
58 
60 
62 
64 
66 
68 
70 
. 72 
74 
76 
78 
80 
82 
84 

-42X42 
44 
46 
48 
50 
52 
54 
56 
58 
60 
62 
64 
66 
68 
70 
72 
74 
76 
78 
80 

-44X44 
46 
48 
50 
52 
54 
56 
58 
60 
62 
64 
66 
68 



25 00 22 82 21 25 4 
33 3330 42 28 33 3 
38 7535 42 33 33 3 

mm « J 

• I • "3. 
40 5337 19 34 38 6 

■ I ■ « fr 
54 00 50 00 46 63 5 

- I « .5. 

" ■ ■ ■ & 

60 6355 25 52 00 5 

■ • • I 

71 2564 63 61 25 5 

- 5 

■ ■ m 5 
97 5089 22 85 00 4 

« m * 4. 

25 6223 39 21 33 4 

26 9924 75 22 87 4 
4 

4 

36 6833 47 31 18" 3 
« - 3 

42 6338 97 36 68 3 

" ■ ■ 3 

■ • " I * 
44 5840 92 37 82 6 

■ I ■ i • ! 6-, 
59 4055 0051 29 5 

s 

66 6960 78 57 20 5 

■ «• • 15 

78 3871 09 67 38' 5 

• I • I « I 5 

97 9888 87 84 23 1 4 

107 2598 15 93 50 4 

26 9924 75 22 87 4 

m * " 4 

36 6833 47 31 18! 3 
3 



42 63 



38 97 36 68 3 



140 92 37 62| ft 
53 49 49 09 45 38 5 
59 4055 00 51 29 fr 

• | 6. 

• I 5 
67 20: 5 



44 58 



66 6960 78 



28 



PRICE PER BOX. 



SINGLE. 



AA 



Sizes 



DOUBLE. 



AA 



-44x70 
72 
74 
76 
78 
80 

-46X46 
48 
50 
52 
54 
56 
58 
60 
62 
64 
66 
68 
70 
72 
74 
76 
78 
80 

-48X48 
50 
52 
54 
56 
58 
60 
62 
64 
66 
68 

- 70 

- 72 
74 
76 
78 
80 

- 50X50 

52 
54 
56 
58 
60 
62 
64 



266 75 243 10 

« m 

313 50 284 35 



266 75 243 10 228 80 

313 50 284 35:269 50 



343 20 314 05 290 20 

■ i • 

88 00 80 30' 74 80 

* • I « 

102 30 93 50 88 00 

a I * j • 

« « ■ 

213 95196 35 181 50 

« ■ a ■ 

237 60 220 00 205 IS 

a I « I m 

m I ' | 

266 75 243 10 '228 80 

■ • • 

313 50 284 35 269 50 



343 20 314 05; 299 20 

372 90 343 75 j 328 90 
102 30 93 501 88 00 



213 9& 196 35 



181 50 



237 60 220 00 [ 205 1$ 



228 80 

■ 

269 50 



- 

343 20 314 05 299 20 

a a a 

372 90 343 75,328 90 
« a I a 

102 30 93 50, 88 00 

213 95196 35.181 50 

a a « 

237 60 220 00 j 205 If 

« m ; * 

a ! a j m 

266 75 243 10 ! 228 80 



PRICE PER LIGHT. 



29 



SINGLE. 



AA A 



Sizes 



-44x70 
72 
74 
76 
78 
80 

-46X40 
48 
60 
52 
54 
66 
58 
60 
62 
64 
66 
68 
70 

- 72 
74 
76 
78 
80 

-48X48 
60 
62 
54 
56 

- 58 
60 
62 
64 
66 
68 
70 
72 
74 

-: 76 
- ! 78 
80 
-50X60 
52 
54 
56 
58 
60 
62 

- 64 



DOUBLE. 



AA 



B 



Ni 
Lfts 
■»r 
Box 



66 69 60 78 57 20 5 

73 38 71 09 67 38 5 

97 98 88 87 84 23 4 

■ 4 

107 25 98 15 93 50 4 

■ " • ■ 4 

36 68 33 47 31 18 8 

* * « 3 

42 63 38 97 36 68 3 
3 



3 

6 
5 
5 
5 
5 
5 
5 
4 
4 
4 
4 
4 
116 54107 43102 79 4 
42 63 38 97 36 68 3 

■ ■I "i •la 

3 

6 
5 
5 
6 
5 
6 
5 
4 
4 
4 
4 
4 
4 
4 



44 58 40 92 37 82 
53 49 49 09 45 38 
59 40 53 00 51 29 



66 69 60 78 57 20 

m m m 

97 98| 88 87 84 23 

a ■ 1 • j 

* • • | 

107 25 98 15 93 60 



44 58 40 92 37 82 
53 49 49 09 45 38 



59 40 55 00 



51 29 



66 69 60 78 57 20 

■ I * ■ i 

97 98 88 87 84 23 



107 25 98 15 93 50 

• i • ! ■ 

111 54107 43102 79 

« i . . . j 

42 63 38 97 36 68 3 
44 58 40 92 37 82 6 
53 49 49 09 45 38 6 



59 40 

« 
i 

66 69 



65 00 51 291 5 

• 5 

■ 5 

60 78 57 20 5 



30 



PRICK PER BOX. 



SINGLE. 



AA A B 



Sizes 



DOUBLE. 



AA 



B 



50X66 
68 
70 
72 
74 

52X52 
54 
56 
58 
60 
62 
64 
66 
68 
70 
72 

54X54 
56 
58 
60 
62 
64 
66 
68 
70 
72 

56X^6 
58 
60 
62 
64 
66 
68 
70 
72 

58X58 
60 
62 
64 
G6 
68 
70 
72 

60X60 
62 
64 
66 
68 
70 



313 50 284 35 269 50 



343 



372 



20 314 

95196 

60 220 



75 243 
50 284 

20 314 

50 284 



20 314 

90 343 

50 284 



20 314 
90 343 
50 284 

20 314 
90 343 



50 284 
20 314 

90 343 



05 299 

35 181 

00 205 



10 228 
35 269 

05 299 
35 269 



05 299 



75 328 
35 269 



05 299 
75 328 
35269 

05 299 
75 328 



35 269 
05299 

751328 



20 



PRICE PER LIGHT. 



31 



SINGLE. 


AA 


A | B 








































































































































■ 





Sizes 



50X06 
68 

70 
72 
74 

52X52 
54 
56 
58 
60 
62 
64 
66 
QS 
70 
72 
-54X54 
56 
58 
60 
62 
64 
66 
6S 
70 
72 

56X56 
58 
60 
62 
64 
66 
68 
70 
72 

58X58 
60 
62 
H 
66 
68 
70 
72 

60X60 
62 
64 
66 
68 
70 



107 25 98 15 93 50 

■ ■ • 

53 49 49 09 45 38 
59 40 55 00 61 29 



DOUBLE. |"»; 

AA I A 1 B S« 

97 88 88 87 84 23 4 
4 
4 
4 
4 
5 
5 
5 
5 

66 69 60 78 57 20 5 
83 37 75 98 71 50 4 
97 9S 88 87 84 23 4 

* : * I « \ A 

. : . 4 

107 25 98 15 93 50 4 
« • - ■ 4 

78 38 71 09 67 38 5 

' i * 

* * 

84 23 4 

4 

4 
4 
4 
4 

116 54107 43102 79 4 
78 38 71 09 67 38 5 
97 98 88 87 84 23 4 

93 50 4 

' |4 
116 54107 43102 79 4 

' I* 
84 23 4 

'• ! * 

93 50 4 
■ I 4 
116 54107 43102 79 4 

" t "| " I * 

155 38143 24137 05 3 

97 98 88 87| 84 23 4 

107 25 98 15 93 50 4 

' I ' * I* 
116 54 107 43,102 79i 4 

• •]* 
155 38 143 24 137 05 3 



97 98 88 87 



107 25 98 15 93 50 



107 25 98 15 

■ j 

16 54107 43 

« I ■ j 

97 98 88 87 

: : 

107 25 98 15 



60 



BOX PRICE LIST 

OP 

French Window and Picture Glass 



October 4th, 1897 



si: es 



SINGLE 



Price p^r GO Ft. 



1st 2d 3d 4th 



DOUBLE 



Price per 50 Ft. 



1st 2d 3d 



6x8 tol0xl5 
11x14 to 16X24 
18x22 to 20x30 



15.60 

18,50 
24.25 



15x36 to 24x3026.5024.50 



36x28 to 24x36 28. 75 
26x34 to 30x40 32.25 



14.5014.00 



17.75 



16 75 



28.0021.25 



26.7524.00 
30.5027.00 



32x38 to 30x50 38.2536.5032.75 
30x52 to 30x54 39.75 37.50 33.75 
30x56 to 34x56 41.50 39.0036.00 
34x68 to 34x60 43.50 42.00 3».00 
36x60 to 40x6047.5044.2542.00 




Sizes above lOO inches $15.00 per box 
extra for every 5 inches. 

An additional 10 per cent, will be charged for all 
flam more than 40 inches wide. 

All sizes over 52 inches in length, and not making 
more than 81 united inches, will be charged in the 
84 united inches bracket. 

We hand you herewith our price list 
and solicit your order 



1 



The loledo rlate and 
Window Glass Co. 



Plate 



Ribbed 

Skylight 
\Vinuow 




Rough j 



l*& 





Kent 

Prism 

Wired 



G 



roun 



Fl 



orentme 




o 



rnamentc 



Mamifa 



Hates and Leaded Glass 
Side- Wa 1 k I i ah is 

IVletal ibtor6 rtoiit Construction 



TOLEDO,OH10 



